%YAML:1.0
---
Camera Count: 9
Point Count: 95
Rotations:
   - !!opencv-matrix
      rows: 3
      cols: 3
      dt: d
      data: [ 1., 0., 0., 0., 1., 0., 0., 0., 1. ]
   - !!opencv-matrix
      rows: 3
      cols: 3
      dt: d
      data: [ 9.9999998697057646e-01, -1.6142752748743439e-04,
          6.6765801498041685e-09, 1.6142752748771194e-04,
          9.9999998697057624e-01, -1.5008258683529285e-08,
          -6.6741570159577148e-09, 1.5009335882129701e-08,
          9.9999999999999978e-01 ]
   - !!opencv-matrix
      rows: 3
      cols: 3
      dt: d
      data: [ -1.8585459814138894e-02, -1.8173552117279335e-02,
          9.9966209425332175e-01, 7.9180191316938009e-01,
          6.1023219005266494e-01, 2.5814812120896424e-02,
          -6.1049513592231530e-01, 7.9201413890597194e-01,
          3.0484074900274383e-03 ]
   - !!opencv-matrix
      rows: 3
      cols: 3
      dt: d
      data: [ -4.6123723131243405e-01, -3.5734504239574882e-01,
          8.1213591050169709e-01, 6.4476074338747102e-01,
          4.9381703643021052e-01, 5.8346235381361145e-01,
          -6.0954392806234703e-01, 7.9274791403476086e-01,
          2.6352525229287882e-03 ]
   - !!opencv-matrix
      rows: 3
      cols: 3
      dt: d
      data: [ -8.1328592577994752e-01, 5.8061696954168240e-01,
          -3.8078046279800937e-02, 4.7408565886394982e-01,
          6.9916263080772600e-01, 5.3517698356857013e-01,
          3.3735558538104593e-01, 4.1719965287887295e-01,
          -8.4388130601996370e-01 ]
   - !!opencv-matrix
      rows: 3
      cols: 3
      dt: d
      data: [ -1.6975814999838568e-01, -2.2091073636929437e-01,
          9.6040648533102968e-01, 4.8191519448260278e-01,
          -8.6868708995731492e-01, -1.1463195483060953e-01,
          8.5961614447142654e-01, 4.4337476957791355e-01,
          2.5392695379933827e-01 ]
   - !!opencv-matrix
      rows: 3
      cols: 3
      dt: d
      data: [ -7.6558045851982970e-01, 6.4326572270544891e-01,
          9.7862926996762911e-03, -5.4492294608879288e-01,
          -6.5647398322698902e-01, 5.2163290940277285e-01,
          3.4197301700350236e-01, 3.9401918651041273e-01,
          8.5311390581984670e-01 ]
   - !!opencv-matrix
      rows: 3
      cols: 3
      dt: d
      data: [ -7.6737808140404895e-01, 2.8745912638806276e-01,
          -5.7314756462612004e-01, -4.4981761802224857e-01,
          -8.7835717894169740e-01, 1.6171820156795405e-01,
          -4.5694090503853035e-01, 3.8191087554270398e-01,
          8.0333622627438783e-01 ]
   - !!opencv-matrix
      rows: 3
      cols: 3
      dt: d
      data: [ 2.5699608919082156e-01, 1.2657647441220449e-01,
          9.5808736880620637e-01, 7.9412311554414708e-02,
          9.8526692410077699e-01, -1.5146871969676781e-01,
          -9.6314417140644504e-01, 1.1501080122479798e-01,
          2.4315801588148836e-01 ]
Motions:
   - !!opencv-matrix
      rows: 3
      cols: 1
      dt: d
      data: [ 0., 0., 0. ]
   - !!opencv-matrix
      rows: 3
      cols: 1
      dt: d
      data: [ -7.9164888563188052e-01, -6.1097630219208243e-01,
          6.1229638667226246e-06 ]
   - !!opencv-matrix
      rows: 3
      cols: 1
      dt: d
      data: [ -2.8273193578337344e+02, -1.4022269186872393e+02,
          -4.1198426392549876e-04 ]
   - !!opencv-matrix
      rows: 3
      cols: 1
      dt: d
      data: [ -1.4841163892491903e+02, -1.9666072654710374e+02,
          8.0167306291202708e-04 ]
   - !!opencv-matrix
      rows: 3
      cols: 1
      dt: d
      data: [ 6.9439775958864658e+00, -2.6050821268454075e+02,
          1.6062098074896005e+02 ]
   - !!opencv-matrix
      rows: 3
      cols: 1
      dt: d
      data: [ -5.1834032009914722e+06, -6.3322923035141202e+06,
          -9.6876313598526849e+01 ]
   - !!opencv-matrix
      rows: 3
      cols: 1
      dt: d
      data: [ -6.6292749037219025e+06, -2.1507285563403904e+07,
          -8.4343340134639504e+01 ]
   - !!opencv-matrix
      rows: 3
      cols: 1
      dt: d
      data: [ -5.0663073797012351e+07, -4.8254204096118391e+07,
          2.1370574565256844e+04 ]
   - !!opencv-matrix
      rows: 3
      cols: 1
      dt: d
      data: [ -2.4228653050091550e+07, -2.0314376611001149e+07,
          3.4512509699141009e+02 ]
Points:
   - [ 6.5433807373046875e+01, 4.9502670288085938e+01,
       2.4314309692382813e+02 ]
   - [ 7.6281562805175781e+01, 5.7708457946777344e+01,
       2.8366116333007813e+02 ]
   - [ 7.6005073547363281e+01, 5.7499313354492188e+01,
       2.8262747192382813e+02 ]
   - [ 6.3532463073730469e+01, 4.8064517974853516e+01,
       2.3601083374023438e+02 ]
   - [ 6.3532463073730469e+01, 4.8064517974853516e+01,
       2.3601083374023438e+02 ]
   - [ 7.3229690551757813e+01, 5.5399902343750000e+01,
       2.7225335693359375e+02 ]
   - [ 7.3229690551757813e+01, 5.5399902343750000e+01,
       2.7225335693359375e+02 ]
   - [ 7.3242332458496094e+01, 5.5409469604492188e+01,
       2.7230023193359375e+02 ]
   - [ 7.3092605590820313e+01, 5.5296207427978516e+01,
       2.7174075317382813e+02 ]
   - [ 5.7624668121337891e+01, 4.3595626831054688e+01,
       2.1392749023437500e+02 ]
   - [ 5.7624668121337891e+01, 4.3595626831054688e+01,
       2.1392749023437500e+02 ]
   - [ 5.6487586975097656e+01, 4.2735496520996094e+01,
       2.0967675781250000e+02 ]
   - [ 5.6487586975097656e+01, 4.2735496520996094e+01,
       2.0967675781250000e+02 ]
   - [ 5.7596248626708984e+01, 4.3574142456054688e+01,
       2.1381977844238281e+02 ]
   - [ 5.7596248626708984e+01, 4.3574142456054688e+01,
       2.1381977844238281e+02 ]
   - [ 5.8442363739013672e+01, 4.4214176177978516e+01,
       2.1697993469238281e+02 ]
   - [ 5.3740470886230469e+01, 4.0657474517822266e+01,
       1.9940609741210938e+02 ]
   - [ 4.9779636383056641e+01, 3.7661338806152344e+01,
       1.8460092163085938e+02 ]
   - [ 1.0265139770507813e+02, 7.7842971801757813e+01,
       2.8066040039062500e+02 ]
   - [ 1.0274220275878906e+02, 7.7810539245605469e+01,
       2.8070303344726563e+02 ]
   - [ 1.0273696136474609e+02, 7.7811935424804688e+01,
       2.8069998168945313e+02 ]
   - [ 1.0274861145019531e+02, 7.7796806335449219e+01,
       2.8069839477539063e+02 ]
   - [ 1.0276434326171875e+02, 7.7799858093261719e+01,
       2.8071038818359375e+02 ]
   - [ 1.0276434326171875e+02, 7.7799858093261719e+01,
       2.8071038818359375e+02 ]
   - [ 1.0276318359375000e+02, 7.7800544738769531e+01,
       2.8071011352539063e+02 ]
   - [ 1.0273056793212891e+02, 7.7815116882324219e+01,
       2.8069696044921875e+02 ]
   - [ 1.0273056793212891e+02, 7.7815116882324219e+01,
       2.8069696044921875e+02 ]
   - [ 1.0273056793212891e+02, 7.7815116882324219e+01,
       2.8069696044921875e+02 ]
   - [ 1.0277286529541016e+02, 7.7795646667480469e+01,
       2.8071319580078125e+02 ]
   - [ 1.0277286529541016e+02, 7.7795646667480469e+01,
       2.8071319580078125e+02 ]
   - [ 1.0274943542480469e+02, 7.7807510375976563e+01,
       2.8070492553710938e+02 ]
   - [ 1.0274365997314453e+02, 7.7795051574707031e+01,
       2.8068188476562500e+02 ]
   - [ 1.0274070739746094e+02, 7.7794799804687500e+01,
       2.8067752075195313e+02 ]
   - [ 1.0268538665771484e+02, 7.7752861022949219e+01,
       2.8060006713867188e+02 ]
   - [ 1.0277423095703125e+02, 7.7796081542968750e+01,
       2.8071334838867188e+02 ]
   - [ 1.0277523040771484e+02, 7.7796539306640625e+01,
       2.8071475219726563e+02 ]
   - [ 1.0277516174316406e+02, 7.7796302795410156e+01,
       2.8071432495117188e+02 ]
   - [ 1.0281758880615234e+02, 7.7773643493652344e+01,
       2.8072656250000000e+02 ]
   - [ 1.9956826782226563e+02, -1.4059649658203125e+02,
       2.0113967895507813e+02 ]
   - [ 1.9943215942382813e+02, -1.4043577575683594e+02,
       2.0111630249023438e+02 ]
   - [ 1.9978199768066406e+02, -1.4100457763671875e+02,
       2.0095465087890625e+02 ]
   - [ 2.0009773254394531e+02, -1.4154685974121094e+02,
       2.0076226806640625e+02 ]
   - [ 2.0011009216308594e+02, -1.4157168579101563e+02,
       2.0074960327148438e+02 ]
   - [ 2.0011009216308594e+02, -1.4157168579101563e+02,
       2.0074960327148438e+02 ]
   - [ 1.9978280639648438e+02, -1.4105081176757813e+02,
       2.0089227294921875e+02 ]
   - [ 1.9991558837890625e+02, -1.4123220825195313e+02,
       2.0087641906738281e+02 ]
   - [ 2.0005830383300781e+02, -1.4147865295410156e+02,
       2.0078752136230469e+02 ]
   - [ 2.0010147094726563e+02, -1.4155816650390625e+02,
       2.0075401306152344e+02 ]
   - [ 1.9973446655273438e+02, -1.4100773620605469e+02,
       2.0083100891113281e+02 ]
   - [ 2.2219866943359375e+02, -1.6961384582519531e+02,
       2.0114376831054688e+02 ]
   - [ 5.9855823516845703e+01, 4.7439319610595703e+01,
       3.3371588134765625e+02 ]
   - [ 6.4016799926757813e+01, 4.1088111877441406e+01,
       3.2848223876953125e+02 ]
   - [ 6.4016799926757813e+01, 4.1088111877441406e+01,
       3.2848223876953125e+02 ]
   - [ 6.3944644927978516e+01, 4.0965072631835938e+01,
       3.2872924804687500e+02 ]
   - [ 7.1587135314941406e+01, 3.0493312835693359e+01,
       3.1834512329101563e+02 ]
   - [ 6.3893138885498047e+01, 4.0897560119628906e+01,
       3.2889324951171875e+02 ]
   - [ 6.3890201568603516e+01, 4.0890876770019531e+01,
       3.2890542602539063e+02 ]
   - [ 6.3852764129638672e+01, 4.0930854797363281e+01,
       3.2895034790039063e+02 ]
   - [ 6.3918781280517578e+01, 4.0925853729248047e+01,
       3.2881979370117188e+02 ]
   - [ -2.2243341796875000e+04, -7752444., 3.5781392500000000e+06 ]
   - [ -1.8311939453125000e+04, -7754571., 3.5846635000000000e+06 ]
   - [ -1.8311939453125000e+04, -7754571., 3.5846635000000000e+06 ]
   - [ -2.0816884765625000e+04, -7809774., 3.6264487500000000e+06 ]
   - [ -1.4172088867187500e+04, -7.7569765000000000e+06, 3591645. ]
   - [ -1.6906441406250000e+04, -7752232., 3.5842822500000000e+06 ]
   - [ -1.7244777343750000e+04, -7767870., 3.5982972500000000e+06 ]
   - [ -1.4283235937500000e+05, -8714904., 4.2740425000000000e+06 ]
   - [ -1.6310343750000000e+04, -7755776., 3.5879245000000000e+06 ]
   - [ -1.4290513671875000e+04, -7757108., 3.5914772500000000e+06 ]
   - [ -1.4829750000000000e+04, -7756745., 3590455. ]
   - [ -1.4829750000000000e+04, -7756745., 3590455. ]
   - [ -18415040., -16234051., -2767847. ]
   - [ -18501506., -16254975., -2.8070587500000000e+06 ]
   - [ -19927774., -16624374., -3.5077932500000000e+06 ]
   - [ -18564106., -16245371., -2800932. ]
   - [ -18564106., -16245371., -2800932. ]
   - [ -18561498., -16247247., -2.8020165000000000e+06 ]
   - [ -18554968., -16248792., -2.8041285000000000e+06 ]
   - [ -15348210., -34401964., -43375596. ]
   - [ -16966618., -34155648., -42719384. ]
   - [ -14998358., -34513856., -43638360. ]
   - [ -14995823., -34515072., -43641156. ]
   - [ -15316101., -34422832., -43433464. ]
   - [ -15163290., -34469944., -43541352. ]
   - [ -15046362., -34446904., -43498544. ]
   - [ -15009514., -34460456., -43531584. ]
   - [ -14995892., -34465240., -43543380. ]
   - [ -15076621., -34417212., -43440108. ]
   - [ -13758761., -35029260., -44871192. ]
   - [ -1.0293898240000000e+10, -1187248256., 223988096. ]
   - [ 1348812160., 122383360., -57208848. ]
   - [ 1348812160., 122383360., -57208848. ]
   - [ 1373982336., 125677072., -57044012. ]
   - [ 1361575808., 124199968., -56646764. ]
   - [ 1309117952., 118395560., -55501504. ]
Colors:
   - [ 71, 79, 36 ]
   - [ 146, 147, 84 ]
   - [ 144, 145, 82 ]
   - [ 131, 125, 45 ]
   - [ 131, 125, 45 ]
   - [ 41, 42, 8 ]
   - [ 41, 42, 8 ]
   - [ 166, 162, 75 ]
   - [ 168, 162, 73 ]
   - [ 137, 128, 43 ]
   - [ 137, 128, 43 ]
   - [ 7, 9, 0 ]
   - [ 7, 9, 0 ]
   - [ 154, 144, 54 ]
   - [ 154, 144, 54 ]
   - [ 115, 120, 66 ]
   - [ 5, 8, 0 ]
   - [ 5, 14, 5 ]
   - [ 121, 127, 65 ]
   - [ 146, 147, 84 ]
   - [ 84, 94, 52 ]
   - [ 150, 147, 64 ]
   - [ 163, 149, 50 ]
   - [ 163, 149, 50 ]
   - [ 170, 158, 62 ]
   - [ 152, 141, 48 ]
   - [ 152, 141, 48 ]
   - [ 152, 141, 48 ]
   - [ 150, 143, 58 ]
   - [ 150, 143, 58 ]
   - [ 163, 148, 47 ]
   - [ 116, 121, 62 ]
   - [ 8, 11, 3 ]
   - [ 8, 11, 3 ]
   - [ 108, 117, 64 ]
   - [ 104, 111, 58 ]
   - [ 95, 105, 57 ]
   - [ 141, 145, 75 ]
   - [ 93, 103, 61 ]
   - [ 119, 125, 77 ]
   - [ 4, 6, 0 ]
   - [ 177, 173, 93 ]
   - [ 45, 44, 27 ]
   - [ 45, 44, 27 ]
   - [ 146, 139, 61 ]
   - [ 10, 11, 3 ]
   - [ 117, 121, 78 ]
   - [ 120, 127, 76 ]
   - [ 76, 85, 27 ]
   - [ 76, 85, 27 ]
   - [ 60, 71, 32 ]
   - [ 3, 9, 2 ]
   - [ 3, 9, 2 ]
   - [ 90, 105, 79 ]
   - [ 173, 170, 101 ]
   - [ 181, 174, 101 ]
   - [ 159, 152, 81 ]
   - [ 54, 54, 35 ]
   - [ 10, 13, 5 ]
   - [ 130, 134, 98 ]
   - [ 77, 91, 76 ]
   - [ 77, 91, 76 ]
   - [ 182, 178, 118 ]
   - [ 164, 160, 100 ]
   - [ 159, 149, 86 ]
   - [ 132, 136, 100 ]
   - [ 132, 130, 84 ]
   - [ 178, 166, 96 ]
   - [ 129, 135, 99 ]
   - [ 84, 92, 37 ]
   - [ 84, 92, 37 ]
   - [ 178, 165, 91 ]
   - [ 161, 148, 81 ]
   - [ 101, 109, 86 ]
   - [ 68, 67, 45 ]
   - [ 68, 67, 45 ]
   - [ 12, 15, 7 ]
   - [ 52, 54, 28 ]
   - [ 66, 79, 78 ]
   - [ 186, 181, 130 ]
   - [ 189, 182, 125 ]
   - [ 189, 182, 125 ]
   - [ 170, 155, 101 ]
   - [ 139, 142, 108 ]
   - [ 130, 135, 108 ]
   - [ 136, 141, 116 ]
   - [ 140, 145, 118 ]
   - [ 1, 6, 2 ]
   - [ 169, 169, 129 ]
   - [ 178, 164, 99 ]
   - [ 75, 68, 43 ]
   - [ 75, 68, 43 ]
   - [ 143, 144, 122 ]
   - [ 134, 139, 112 ]
   - [ 131, 140, 115 ]
