%YAML:1.0
---
Camera Count: 9
Point Count: 95
Rotations:
   - !!opencv-matrix
      rows: 3
      cols: 3
      dt: d
      data: [ 1., 0., 0., 0., 1., 0., 0., 0., 1. ]
   - !!opencv-matrix
      rows: 3
      cols: 3
      dt: d
      data: [ 9.9999998697057646e-01, -1.6142752748743439e-04,
          6.6765801498041685e-09, 1.6142752748771194e-04,
          9.9999998697057624e-01, -1.5008258683529285e-08,
          -6.6741570159577148e-09, 1.5009335882129701e-08,
          9.9999999999999978e-01 ]
   - !!opencv-matrix
      rows: 3
      cols: 3
      dt: d
      data: [ -1.8585459814138894e-02, -1.8173552117279335e-02,
          9.9966209425332175e-01, 7.9180191316938009e-01,
          6.1023219005266494e-01, 2.5814812120896424e-02,
          -6.1049513592231530e-01, 7.9201413890597194e-01,
          3.0484074900274383e-03 ]
   - !!opencv-matrix
      rows: 3
      cols: 3
      dt: d
      data: [ -4.6123723131243405e-01, -3.5734504239574882e-01,
          8.1213591050169709e-01, 6.4476074338747102e-01,
          4.9381703643021052e-01, 5.8346235381361145e-01,
          -6.0954392806234703e-01, 7.9274791403476086e-01,
          2.6352525229287882e-03 ]
   - !!opencv-matrix
      rows: 3
      cols: 3
      dt: d
      data: [ -8.1328592577994752e-01, 5.8061696954168240e-01,
          -3.8078046279800937e-02, 4.7408565886394982e-01,
          6.9916263080772600e-01, 5.3517698356857013e-01,
          3.3735558538104593e-01, 4.1719965287887295e-01,
          -8.4388130601996370e-01 ]
   - !!opencv-matrix
      rows: 3
      cols: 3
      dt: d
      data: [ -1.6975814999838568e-01, -2.2091073636929437e-01,
          9.6040648533102968e-01, 4.8191519448260278e-01,
          -8.6868708995731492e-01, -1.1463195483060953e-01,
          8.5961614447142654e-01, 4.4337476957791355e-01,
          2.5392695379933827e-01 ]
   - !!opencv-matrix
      rows: 3
      cols: 3
      dt: d
      data: [ -7.6558045851982970e-01, 6.4326572270544891e-01,
          9.7862926996762911e-03, -5.4492294608879288e-01,
          -6.5647398322698902e-01, 5.2163290940277285e-01,
          3.4197301700350236e-01, 3.9401918651041273e-01,
          8.5311390581984670e-01 ]
   - !!opencv-matrix
      rows: 3
      cols: 3
      dt: d
      data: [ -7.6737808140404895e-01, 2.8745912638806276e-01,
          -5.7314756462612004e-01, -4.4981761802224857e-01,
          -8.7835717894169740e-01, 1.6171820156795405e-01,
          -4.5694090503853035e-01, 3.8191087554270398e-01,
          8.0333622627438783e-01 ]
   - !!opencv-matrix
      rows: 3
      cols: 3
      dt: d
      data: [ 2.5699608919082156e-01, 1.2657647441220449e-01,
          9.5808736880620637e-01, 7.9412311554414708e-02,
          9.8526692410077699e-01, -1.5146871969676781e-01,
          -9.6314417140644504e-01, 1.1501080122479798e-01,
          2.4315801588148836e-01 ]
Motions:
   - !!opencv-matrix
      rows: 3
      cols: 1
      dt: d
      data: [ 0., 0., 0. ]
   - !!opencv-matrix
      rows: 3
      cols: 1
      dt: d
      data: [ -7.9164888563188052e-01, -6.1097630219208243e-01,
          6.1229638667226246e-06 ]
   - !!opencv-matrix
      rows: 3
      cols: 1
      dt: d
      data: [ -2.8273193578337344e+02, -1.4022269186872393e+02,
          -4.1198426392549876e-04 ]
   - !!opencv-matrix
      rows: 3
      cols: 1
      dt: d
      data: [ -1.4841163892491903e+02, -1.9666072654710374e+02,
          8.0167306291202708e-04 ]
   - !!opencv-matrix
      rows: 3
      cols: 1
      dt: d
      data: [ 6.9439775958864658e+00, -2.6050821268454075e+02,
          1.6062098074896005e+02 ]
   - !!opencv-matrix
      rows: 3
      cols: 1
      dt: d
      data: [ -5.1834032009914722e+06, -6.3322923035141202e+06,
          -9.6876313598526849e+01 ]
   - !!opencv-matrix
      rows: 3
      cols: 1
      dt: d
      data: [ -6.6292749037219025e+06, -2.1507285563403904e+07,
          -8.4343340134639504e+01 ]
   - !!opencv-matrix
      rows: 3
      cols: 1
      dt: d
      data: [ -5.0663073797012351e+07, -4.8254204096118391e+07,
          2.1370574565256844e+04 ]
   - !!opencv-matrix
      rows: 3
      cols: 1
      dt: d
      data: [ -2.4228653050091550e+07, -2.0314376611001149e+07,
          3.4512509699141009e+02 ]
